0_1908_Dynamic Planning_已分离.rvt(0)
 L0
  Walls
   Exterior - White Brick
    Exterior - White Brick
     939038
     939039
     939036
     939037
 L1
  Walls
   I - 12\"
    I - 12\"
     942703
     943626
     943584
     942615
     943548
   I - 19\"
    I - 19\"
     942663
   I - 4\"
    I - 4\"
     944042
   I - 6\"
    I - 6\"
     983291
     944002
     944684
     943813
     943855
     1010591
   I - 8\"
    I - 8\"
     943075
     943014
     944605
     943114
     943448
     943510
     943280
     943401
 L2
  Walls
   I - 4\"
    I - 4\"
     944385
     944436
   I - 8\"
    I - 8\"
     944262
     944326
 L7
  CurtainWallMullions
   Rectangular Mullion
    2.5\" x 5\"
     1009404
     1009402
     1009405
     1009407
     1009406
     1009507
     1009498
     1009509
     1009393
     1009392
     1009385
     1009386
     1009387
     1009384
     1009428
     1009381
     1009383
     1009391
     1009512
     1009511
     1009510
     1009513
     1009519
     1009518
     1009517
     1009469
     1009468
     1009471
     1009470
     1009467
     1009455
     1009454
     1009465
     1009456
     1009475
     1009491
     1009490
     1009496
     1009492
     1009489
     1009477
     1009476
     1009488
     1009486
     1009426
     1009425
     1009497
     1009427
     1009423
     1009412
     1009408
     1009414
     1009413
     1009429
     1009448
     1009447
     1009450
     1009449
     1009446
     1009434
     1009433
     1009444
     1009435
  CurtainWallPanels
   System Panel
    GLAZING
     1009481
     1009479
     1009485
     1009483
     1009399
     1009401
     1009395
     1009397
     1009504
     1009506
     1009500
     1009502
     1009378
     1009380
     1009374
     1009376
     1009418
     1009420
     1009464
     1009416
     1009458
     1009443
     1009422
     1009462
     1009437
     1009439
     1009460
     1009441
  StructuralColumns
   SCOL-CONC-RECT
    18 x 18
     984288
     984292
     984290
     984312
     984286
     984276
     984280
     984278
     984284
     984282
     984314
     984294
     984320
     984318
     984316
     984308
     984324
     984326
     984310
     984322
     984298
     984296
     984300
     984306
     984304
     984302
   SCOL-CONC-ROUND
    18\"
     939661
     939653
     939651
     939655
     939671
     939669
     939665
     939649
     939641
     939643
     939667
     939639
     939647
     939637
     939645
     939687
     939685
     939683
     939663
     939691
     939689
     939681
     939673
     939657
     939675
     939659
     939677
     939679
 L8
  CurtainWallMullions
   Rectangular Mullion
    2.5\" x 5\"
     968643
     968975
     968645
     968644
     968968
     968973
     968974
     969651
     968971
     968970
     968752
     968751
     968749
     968756
     968755
     968754
     970317
     970318
     968638
     970315
     970320
     970549
     970550
     970321
     970322
     969650
     968054
     968053
     969646
     968055
     968052
     969647
     969649
     968051
     968050
     970926
     970927
     970924
     970925
     970928
     968640
     968641
     970929
     969644
     970787
     970553
     970554
     970551
     970552
     970782
     970785
     970786
     970783
     970784
     1008522
     1008521
     1008457
     1008461
     1008465
     1008466
     1008463
     1008464
     1008435
     1008436
     1008433
     1008434
     1008455
     1008456
     1008437
     1008438
     1008490
     1008491
     1008489
     1008512
     1008494
     1008511
     1008492
     1008493
     1008518
     1008517
     1008520
     1008519
     1008484
     1008485
     1008513
     1008483
     1008429
     1008148
     1008548
     1008146
     1008147
     1008545
     1008310
     1008547
     1008546
     1008145
     1008549
     1008132
     1008462
     1008550
     1008143
     1008144
     1008133
     1008134
     1008311
     1008427
     1008428
     1008321
     1008539
     1008540
     1008541
     1008318
     1008317
     1008316
     1008312
     1008320
     1008319
  CurtainWallPanels
   System Panel
    GLAZING
     1008453
     1008509
     1008537
     1008533
     1008531
     1008535
     969642
     1008507
     1008421
     1008419
     1008308
     1008447
     1008425
     1008423
     1008130
     1008128
     1008126
     1008306
     1008304
     1008302
     1008449
     1008481
     1008479
     970547
     1008505
     1008503
     970313
     1007939
     1008451
     970923
     1008477
     1008475
     970780
     1059368
     1059470
     964692
     1059087
     1058468
     1058546
     1058662
     968636
     968747
     968966
  Doors
   CWPL-SLIDING DOOR
    CWPL-SLIDING DOOR
     970920
     970777
     970544
     968961
     969637
     968742
     968631
     970308
     964697
   DBL
    24\" x 84\" (2)
     963623
     963602
    30\" x 84\" (2)
     1001388
    36\" x 84\" (2)
     963505
     963535
   SGL
    24\" x 84\"
     962293
    30\" x 84\"
     961745
     961802
     963431
     962553
    36\" x 84\"
     961652
     961612
     1010022
     964206
     961522
     1009958
     963653
     961458
     961489
     969043
     961882
     962979
     962922
     962886
     963381
     963341
     963304
     962342
     962216
     962152
     962460
     962433
     962371
     962071
     961980
     962016
     962099
  ElectricalFixtures
   ELEC-SECU-DEVICE
    FIXED CAMERA
     972338
     972568
     972686
     972509
     972493
     972609
     998805
     999572
     1001233
     1001030
     999645
     1000233
     1001325
     999813
     999949
     971524
     971545
     971487
     971509
     971727
     971753
     971590
     971699
     971210
     971235
     971138
     971169
     971378
     971448
     971262
     971354
     972046
     972071
     972085
     971988
     972017
     972032
     972198
     972322
     971824
     972154
     971872
  Floors
   12\"
    12\"
     939772
  Furniture
   FURN-CHAIR-STACKING
    Chair-Stacking
     1028296
     1028251
     1018380
     1028243
     1028235
     1028295
     1028293
     1028294
     1028032
     1028031
     1028179
     1028227
     1028219
     1025854
     1025855
     1025815
     1025853
     1025856
     1025886
     1025887
     1025877
     1025878
     1018362
     1018361
     1018379
     1018378
     1018351
     1025799
     1025807
     1018285
     1025736
     1028297
     1025889
     1025890
     1018381
     1028447
     1028448
     1020227
     1020123
     1021776
     1025891
     1025888
     1028446
     1028381
     1028389
     1028298
     1028373
     1028347
     1028415
     1028416
     1028445
     1028413
     1028414
   FURN-CHAIR-TASK ARMS
    Chair-Task Arms
     1017331
     1017322
     1017670
     1017321
     1017340
     1017341
     1017667
     1017339
     1017332
     1017333
     1017334
     1019241
     1019210
     1018894
     1019271
     1019295
     1019293
     1019273
     1018441
     1018417
     1018391
     1018442
     1018664
     1018512
     1018472
     1017320
     1015076
     1015075
     1016049
     1015760
     1015068
     1015067
     1015074
     1015069
     1016068
     1016067
     1016071
     1016069
     1016059
     1016058
     1016061
     1016060
     1015066
     1014014
     1014007
     1019319
     1014015
     1013371
     1011450
     1013411
     1013410
     1014731
     1014730
     1015057
     1014915
     1014325
     1014283
     1014680
     1014606
     1016931
     1016921
     1016958
     1016932
     1016518
     1016517
     1016875
     1016835
     1017312
     1017311
     1017319
     1017313
     1017243
     1017114
     1017310
     1017301
     1016456
     1016083
     1016080
     1016093
     1016084
     1016075
     1016072
     1016079
     1016076
     1016103
     1016102
     1016437
     1016106
     1016095
     1016094
     1016101
     1016096
     1027237
     1024394
     1027273
     1027229
     1026192
     1028496
     1023783
     1024115
     1019349
     1026193
     1019385
     1014016
     1019369
     1026015
     1023344
     1021733
     1023345
     1022650
     1022950
     1023263
     1023451
     1020263
     1025915
     1020027
     1023452
     1025594
     1020266
     1026388
     1026521
     1026522
     1027372
     1027462
     1029222
     1064405
     1045045
     1027380
     1064464
     1027428
     1019397
     1026389
     1028891
     1029799
     1028996
     1029119
   FURN-TABLE-RECTANGULAR
    72\" x 30\"
     1017669
     1016091
     1016090
     1016088
     1016087
     1017668
     1016089
     1016057
     1016098
     1024116
     1024393
     1016097
     1018116
     1016099
     1016092
     1027037
     1017335
     1016077
     1017432
     1016078
     1016065
     1016066
     1017342
     1016070
     1016073
     1017344
     1016074
     1017338
     1017337
     1016062
     1017336
     1016086
     1016085
     1016063
     1016064
     1016081
     1017343
     1016082
     1016100
     1017309
     1017308
     1017307
     1017315
     1017314
     1026387
     1017306
     1017302
     1026049
     1017164
     1017305
     1017304
     1017303
     1017316
     1017328
     1017327
     1017326
     1026751
     1017330
     1017329
     1017325
     1026666
     1017318
     1017317
     1017324
     1017323
     1026667
     1016434
     1016369
     1016368
     1027036
     1016436
     1016435
     1016334
     1016104
     1024618
     1024395
     1016300
     1024732
     1016105
     1026904
     1025305
     1025229
     1016734
     1016993
     1025914
     1025913
     1016733
     1016515
     1016514
     1016513
     1024999
     1024998
     1016516
     1020264
     1020262
     1019922
     1020887
     1020787
     1020265
     1019716
     1018439
     1018440
     1019396
     1019674
     1019398
     1028495
     1021631
     1022648
     1022646
     1013320
     1013749
     1013677
     1013543
     1013237
     1013022
     1012869
     1012110
     1013236
     1013128
     1013072
     1019240
     1029798
     1019269
     1029797
     1019237
     1019238
     1019270
     1019294
     1019316
     1019318
     1019272
     1019291
     1019292
     1019148
     1019368
     1019367
     1019348
     1019395
     1019384
     1019382
     1019346
     1018665
     1018892
     1018893
     1028497
     1028780
     1018471
     1023979
     1015065
     1015064
     1015071
     1015070
     1024114
     1015063
     1015059
     1015058
     1027816
     1015062
     1015061
     1015060
     1015072
     1016053
     1016052
     1016051
     1016056
     1016055
     1016054
     1016050
     1027461
     1027680
     1015073
     1018246
     1015759
     1015493
     1014010
     1014009
     1014008
     1022948
     1014013
     1014011
     1022649
     1013806
     1013777
     1013776
     1013916
     1013915
     1013890
     1022949
     1014914
     1014913
     1023450
     1027865
     1028030
     1028494
     1014729
     1014509
     1014244
     1014072
     1014728
     1023343
     1014510
  StructuralColumns
   SCOL-CONC-RECT
    18 x 18
     955470
     955472
     955474
     955270
     955285
     955468
     955476
     961089
     961093
     961095
     955478
     955480
     955482
     955255
     955043
     955058
     955073
     961091
     954819
     955030
     955181
     955225
     955240
     955086
     955101
     955116
   SCOL-CONC-ROUND
    18\"
     939724
     939720
     939722
     939718
     939744
     939746
     939716
     939714
     939740
     939742
     939736
     939738
     939728
     939726
     939730
     939732
     939748
     939734
     939768
     939766
     1015049
     1015055
     1015053
     1015051
     939764
     939754
     939752
     939750
     939756
     939762
     939760
     939758
  Walls
   I - 4\"
    I - 4\"
     1024974
     1024914
     950053
     950082
     949803
     949961
     950182
     950585
     950627
     950429
     950514
     949123
     949236
     948807
     949037
     949308
     949573
     949660
     949425
     949515
     950677
     951491
     951525
     951314
     951417
     951654
     951832
     952010
     951714
     951771
     950885
     950943
     950721
     950791
     950999
     951201
     951259
     951034
     951081
     946369
     946451
     946249
     946306
     946578
     946789
     946821
     946655
     946705
     945984
     945949
     946176
     946068
     945911
     945704
     945627
     945823
     945779
     946899
     947825
     947880
     947653
     947721
     947912
     948648
     948742
     948260
     948327
     947198
     947319
     947019
     947055
     947362
     947519
     947591
     947413
     947476
     952085
     958930
     959001
     958784
     958836
     959074
     959247
     959281
     959122
     959182
     958347
     958390
     958123
     958292
     958438
     958643
     958721
     958532
     958588
     945264
     945119
     973065
     945393
     945012
     944841
     945546
     944963
     944843
     959566
     959612
     959440
     959509
     960217
     963797
     972893
     960368
     960476
     953489
     952307
     953434
     953596
     953816
     953717
     953681
     953227
     953217
     953166
     953238
     953267
     953257
     953247
     953910
     952209
     957884
     957734
     957925
     952161
     958036
     957992
     953975
     957573
     955592
     955845
     957689
     957625
   I - 5\"
    I - 5\"
     948060
   I - 6\"
    I - 6\"
     952695
     952735
     952630
     944842
     952456
     952780
     963726
     948937
     952950
     952840
     952897
   I - 8\"
    I - 8\"
     948469
     947128
     947236
 Untitled
  GenericModel
   Proxemics
    Proxemics
     1034264
     1034265
     1034263
     1034260
     1034262
     1034266
     1034270
     1034271
     1034269
     1034267
     1034268
     1034258
     1034238
     1034240
     1034236
     1034233
     1034235
     1034251
     1034256
     1034257
     1034255
     1034253
     1034254
     1034295
     1034296
     1034293
     1034289
     1034290
     1034297
     1034305
     1045046
     1034303
     1034298
     1034299
     1034286
     1034277
     1034279
     1034274
     1034272
     1034273
     1034280
     1034284
     1034285
     1034283
     1034281
     1034282
     1034232
     1034184
     1034185
     1034186
     1034181
     1034182
     1034183
     1034187
     1034191
     1034192
     1034193
     1034188
     1034189
     1034190
     1034180
     1034167
     1034168
     1034169
     1034164
     1034165
     1034166
     1034170
     1034175
     1034177
     1034179
     1034171
     1034173
     1034174
     1034194
     1034220
     1034221
     1034222
     1034216
     1034217
     1034218
     1034223
     1034229
     1034230
     1034231
     1034224
     1034225
     1034227
     1034215
     1034200
     1034202
     1034203
     1034195
     1034197
     1034199
     1034204
     1034208
     1034210
     1034211
     1034205
     1034206
     1034207
  Rooms
   
    
     961195
     961250
     961192
     961156
     961186
     964116
     982545
     982548
     982541
     964119
     964346
     961132
     961135
     961129
     961123
     961126
     961138
     961150
     961153
     961147
     961141
     961144
     984903
     984906
     984900
     984894
     984897
     985182
     1069949
     1070103
     1069946
     1069940
     1069943
     982692
     982699
     982659
     982551
     982642
     982768
     982856
     983789
     982841
     982788
     982838
     960067
     960070
     960064
     960058
     960061
     960073
     960872
     960875
     960082
     960076
     960079
     960034
     960037
     959793
     959786
     959790
     960040
     960052
     960055
     960049
     960043
     960046
     960920
     960923
     960917
     960911
     960914
     960926
     960989
     960992
     960986
     960980
     960983
     960887
     960890
     960884
     960878
     960881
     960893
     960905
     960908
     960902
     960896
     960899
